1011001011001100101100011
0111011000010110011011011
1010010001000011001111110
1100001001110010110010001
1111011001011001111111110
1111110111011001011001111
0000010101010111110101111
0111011100110101101110001
1000010111111011111100001
1110000000100000011110000
0011010001011100110010000
1101110101010111010110000
0001000000001111101110101
1010011101100001001101001
1100010100110010000101101
0010000000101100110010100
0110010101110000010001110
0010101100010111001010000
0000100100100100111000110
0000000011101101100110100
1001000101100100111111111
0011100001000100100111011
1101100111010000111010000
1110110100010010111101001
0000101010011100110111000
0111010101110111000001111
0000101111110010010100101
1011001011111101000100001
1000001111001001001001010
1011100111110000100100100
1110100100111000011111011
0011100100000111100101001
0010111101100110000110110
0000010011110101000001100
1001100001110001010010100
1101111100001111111001000
1110100100111100111000101
0000000110011111100101011
1011000100111000010100010
0000111011001111001101100
1100001011111011110011111
1100000101000100001110110
1101001111011111011011101
1001001011010110011100010
0111011100101001010110110
1000011011011101010000010
0010011011111011101110110
0011000001001001000111000
1110000101001010111010010
0010111101111111011110101
1011100001000110000101110
0101000000100000010100101
1100111100111011111110100
0110010010000110101111110
0010111000000010101111010
1100001101100110111001101
0011000111110100000111100
0110010110110000101011111
0101100110001111111111110
1111101110100101001010110
1101010011000000100110010
1110000101111101110001100
0110010010000111100100011
1111111110001010100010100
