0111011110011101000101100
0001101100111101010101100
1011100001111011100010010
0101111001011011001100100
0111101000110111110010001
0101011100100010100101100
0000000111110010001010110
1010011110011011100010001
0111000101111011001011110
1010010111010111111110100
1000001110011100011000001
0111011001011101100001010
1001001011111000101100111
0010000101110100010000110
1011100111110100011010111
0100111001010001011100011
0100110000011100001001010
1101100010101001011100100
0000110011001000010101111
0111011100000011110101101
1110000010110011100010011
0001110001001101100011100
1101100011100011001100001
1110010101010000011011010
0001100011001101001110000
0000001001011101001001111
1101010100001110100110001
1110001011110111001001011
0000100101011101111110110
1101011101110100100100101
1010110100110101001010001
0011101101001000111001100
0000011000000001110010111
1101110001111010001010111
1001011000110010001011111
0011100000010100011010110
1110111101000010100110000
0001000000000000100000001
0100011100110111001011110
0101111010101101001110110
1110110111100111011100101
0100011111011011100100111
1000101011110010111101110
0111000101011101110001110
1000101100001001101010000
0110001100000110110010100
1101111010001100001000100
1110111101110101001011111
1001100000101110110010000
1110001001101010011011000
0010100001110110000011011
0110100011001001000001111
0101101000110111100100101
1100000010011000011110001
1001110110100001010110101
0110101111101110111000110
1100110101110100000110110
0001000010001110111101100
0011100100111001100101100
0110000000111000111111101
1111000011111001000001100
1001101000001110000011000
0010101101110111010010010
1011011010111010100001000
