1010110011111010001101111
0101100011010110000010000
1111011111100101111110101
0101110101010001001111010
0110001000101011100000011
1100111001011000000111111
0111010100010010010101011
1110000011000100010010100
0011010001111101111111110
1110101100010010100110101
0001100111101011111111011
0100000100000100100100010
1101000100011110010001010
0110001101100100100010000
0000101000000000110011010
0111011100111010011011111
1001000001100101111100011
1100011101000000110111100
1000001001000101100110100
0101000001111101101010101
1000100000110100110110000
1010001010100110011010101
0100000001000101001101100
1011000101100010111100100
1111010111011011110010000
1011010101100101000101000
1010100111000101101110010
0010011000001000110010000
0001000010011101101111111
1000000111000010001111100
1110000011011011110101011
0111011111110001000101010
1001100100010100101111100
0110100000010111011101000
1010000100010100001010001
1000000110111011101110110
0010110101101101000011101
0001110001111111011110100
0110111101011111101000010
0011100011001000111100100
0011001101001111110011010
1011111110110010110101001
0010001011101100110010110
1110000101110101100101101
1101110111111110111011101
0011110011001000011111100
0011111101101110011010001
0000100111101010010110110
1110000110101010001000011
1101111100011001101110101
1111100100010111000100011
1010100000010110111100011
0101010001011011011101100
0000001101110011001001110
0010111100110100010100110
1001010110100000100111111
1111001100010110111100111
1011011001110101101110001
0010011011101000010000110
1100001110000101010011100
0100011110110111110001110
1100010011111011001000100
1010010110100101011101100
1100011001011111000101011
