1011000111100111111001001
0011001101010000011001011
1000010111000101000011111
0100111100000101001000100
0111001001010111110111011
1101101010011001100100011
0110110011000100111111110
1101000001100011101010101
0111011100011001010101011
1100111111000001110001011
1111010101001101011110011
0010010111001110000110110
1000011101111011011100100
1110111101111101001101101
1110010000110001011001000
1110011100110111101001100
0011100010101101101001101
0000111100111110111000100
0010101000100010100001011
1110111100100110110010101
1111010000011101101000100
0100101000111010101110101
1101111111101001101100100
0111000011110111011100110
1010001101000011111001000
0101010010000001111101010
0111110111001001100101000
1010011101101011111010101
0001100001011011110000011
1111110100011100100101001
1000001110100110010011010
0010110111101110110110010
1100110010101011001000100
1101101010001001101000100
1011110110100010000110000
1100101000101001010101001
0101011010011101100000000
0010110110111110011011010
1000110000100110001100111
0011101000100110110001100
1111101000100100010110010
0000111001100110000110010
0100111011101011110000011
1001110011010011001010011
0001100010011000011111000
0111011001101001110011110
0000010000010110000000011
1011111010101100001011011
1001011100000100100001000
1000000111001111000001001
0100010101000001011011100
1001101001100000100100110
1000011111001001101110010
0000100101011001111100010
1001111011100100000010100
0100010110100111001000111
0111110100111110100100011
0010000011010111001000000
0100100011110101100000101
0000010110001100010011011
0101100011010100001111001
1001110101010101101100001
1100011111101011010000011
0111011010010100101110100
